          0.005    4.44626e-08
          0.015    4.44626e-08
          0.025    1.17351e-07
          0.035    3.00291e-07
          0.045    7.44792e-07
          0.055    1.78992e-06
          0.065    4.16674e-06
          0.075    9.39241e-06
          0.085    2.04937e-05
          0.095     4.3268e-05
          0.105    8.83592e-05
          0.115    0.000174467
          0.125    0.000332964
          0.135    0.000613994
          0.145     0.00109373
          0.155     0.00188181
          0.165     0.00312735
          0.175     0.00502132
          0.185     0.00779328
          0.195      0.0117012
          0.205       0.017015
          0.215      0.0239955
          0.225       0.032874
          0.235      0.0438337
          0.245      0.0569991
          0.255      0.0724316
          0.265      0.0901335
          0.275       0.110056
          0.285       0.132109
          0.295       0.156177
          0.305       0.182127
          0.315       0.209818
          0.325        0.23911
          0.335        0.26987
          0.345       0.301973
          0.355       0.335306
          0.365       0.369767
          0.375       0.405269
          0.385       0.441737
          0.395       0.479108
          0.405       0.517334
          0.415       0.556378
          0.425       0.596217
          0.435       0.636844
          0.445       0.678271
          0.455       0.720531
          0.465        0.76369
          0.475       0.807851
          0.485       0.853121
          0.495       0.899268
          0.505       0.941169
          0.515        0.93377
          0.525       0.931377
          0.535        0.93043
          0.545       0.929915
          0.555       0.929581
          0.565       0.929337
          0.575       0.929145
          0.585       0.928987
          0.595       0.928853
          0.605       0.928735
          0.615       0.928632
          0.625        0.92854
          0.635       0.928458
          0.645       0.928384
          0.655       0.928317
          0.665       0.928257
          0.675       0.928202
          0.685       0.928151
          0.695       0.928104
          0.705       0.928058
          0.715       0.928011
          0.725       0.927954
          0.735       0.927874
          0.745       0.927741
          0.755       0.927489
          0.765       0.926988
          0.775       0.925973
          0.785       0.923919
          0.795       0.919814
          0.805        0.91174
          0.815       0.896167
          0.825       0.866846
          0.835       0.813469
          0.845       0.721452
          0.855       0.577432
          0.865       0.388257
          0.875       0.203115
          0.885      0.0816727
          0.895       0.027472
          0.905     0.00851014
          0.915     0.00255166
          0.925    0.000753591
          0.935    0.000220263
          0.945    6.37532e-05
          0.955    1.82604e-05
          0.965    5.17001e-06
          0.975    1.44518e-06
          0.985    3.98358e-07
          0.995    3.98358e-07
