0.0010000 1.0000000 0.0000000 1.0000000
0.0030000 1.0000000 0.0000000 1.0000000
0.0050000 1.0000000 0.0000000 1.0000000
0.0070000 1.0000000 0.0000000 1.0000000
0.0090000 1.0000000 0.0000000 1.0000000
0.0110000 1.0000000 0.0000000 1.0000000
0.0130000 1.0000000 0.0000000 1.0000000
0.0150000 1.0000000 0.0000000 1.0000000
0.0170000 1.0000000 0.0000000 1.0000000
0.0190000 1.0000000 0.0000000 1.0000000
0.0210000 1.0000000 0.0000000 1.0000000
0.0230000 1.0000000 0.0000000 1.0000000
0.0250000 1.0000000 0.0000000 1.0000000
0.0270000 1.0000000 0.0000000 1.0000000
0.0290000 1.0000000 0.0000000 1.0000000
0.0310000 1.0000000 0.0000000 1.0000000
0.0330000 1.0000000 0.0000000 1.0000000
0.0350000 1.0000000 0.0000000 1.0000000
0.0370000 1.0000000 0.0000000 1.0000000
0.0390000 1.0000000 0.0000000 1.0000000
0.0410000 1.0000000 0.0000000 1.0000000
0.0430000 1.0000000 0.0000000 1.0000000
0.0450000 1.0000000 0.0000000 1.0000000
0.0470000 1.0000000 0.0000000 1.0000000
0.0490000 1.0000000 0.0000000 1.0000000
0.0510000 1.0000000 0.0000000 1.0000000
0.0530000 1.0000000 0.0000000 1.0000000
0.0550000 1.0000000 0.0000000 1.0000000
0.0570000 1.0000000 0.0000000 1.0000000
0.0590000 1.0000000 0.0000000 1.0000000
0.0610000 1.0000000 0.0000000 1.0000000
0.0630000 1.0000000 0.0000000 1.0000000
0.0650000 1.0000000 0.0000000 1.0000000
0.0670000 1.0000000 0.0000000 1.0000000
0.0690000 1.0000000 0.0000000 1.0000000
0.0710000 1.0000000 0.0000000 1.0000000
0.0730000 1.0000000 0.0000000 1.0000000
0.0750000 1.0000000 0.0000000 1.0000000
0.0770000 1.0000000 0.0000000 1.0000000
0.0790000 1.0000000 0.0000000 1.0000000
0.0810000 1.0000000 0.0000000 1.0000000
0.0830000 1.0000000 0.0000000 1.0000000
0.0850000 1.0000000 0.0000000 1.0000000
0.0870000 1.0000000 0.0000000 1.0000000
0.0890000 1.0000000 0.0000000 1.0000000
0.0910000 1.0000000 0.0000000 1.0000000
0.0930000 1.0000000 0.0000000 1.0000000
0.0950000 1.0000000 0.0000000 1.0000000
0.0970000 1.0000000 0.0000000 1.0000000
0.0990000 1.0000000 0.0000000 1.0000000
0.1010000 1.0000000 0.0000000 1.0000000
0.1030000 1.0000000 0.0000000 1.0000000
0.1050000 1.0000000 0.0000000 1.0000000
0.1070000 1.0000000 0.0000000 1.0000000
0.1090000 1.0000000 0.0000000 1.0000000
0.1110000 1.0000000 0.0000000 1.0000000
0.1130000 1.0000000 0.0000000 1.0000000
0.1150000 1.0000000 0.0000000 1.0000000
0.1170000 1.0000000 0.0000000 1.0000000
0.1190000 1.0000000 0.0000000 1.0000000
0.1210000 1.0000000 0.0000000 1.0000000
0.1230000 1.0000000 0.0000000 1.0000000
0.1250000 1.0000000 0.0000000 1.0000000
0.1270000 1.0000000 0.0000000 1.0000000
0.1290000 1.0000000 0.0000000 1.0000000
0.1310000 1.0000000 0.0000000 1.0000000
0.1330000 1.0000000 0.0000000 1.0000000
0.1350000 1.0000000 0.0000000 1.0000000
0.1370000 1.0000000 0.0000000 1.0000000
0.1390000 1.0000000 0.0000000 1.0000000
0.1410000 1.0000000 0.0000000 1.0000000
0.1430000 1.0000000 0.0000000 1.0000000
0.1450000 1.0000000 0.0000000 1.0000000
0.1470000 1.0000000 0.0000000 1.0000000
0.1490000 1.0000000 0.0000000 1.0000000
0.1510000 1.0000000 0.0000000 1.0000000
0.1530000 1.0000000 0.0000000 1.0000000
0.1550000 1.0000000 0.0000000 1.0000000
0.1570000 1.0000000 0.0000000 1.0000000
0.1590000 1.0000000 0.0000000 1.0000000
0.1610000 1.0000000 0.0000000 1.0000000
0.1630000 1.0000000 0.0000000 1.0000000
0.1650000 1.0000000 0.0000000 1.0000000
0.1670000 1.0000000 0.0000000 1.0000000
0.1690000 1.0000000 0.0000000 1.0000000
0.1710000 1.0000000 0.0000000 1.0000000
0.1730000 1.0000000 0.0000000 1.0000000
0.1750000 1.0000000 0.0000000 1.0000000
0.1770000 1.0000000 0.0000000 1.0000000
0.1790000 1.0000000 0.0000000 1.0000000
0.1810000 1.0000000 0.0000000 1.0000000
0.1830000 1.0000000 0.0000000 1.0000000
0.1850000 1.0000000 0.0000000 1.0000000
0.1870000 1.0000000 0.0000000 1.0000000
0.1890000 1.0000000 0.0000000 1.0000000
0.1910000 1.0000000 0.0000000 1.0000000
0.1930000 1.0000000 0.0000000 1.0000000
0.1950000 1.0000000 0.0000000 1.0000000
0.1970000 1.0000000 0.0000000 1.0000000
0.1990000 1.0000000 0.0000000 1.0000000
0.2010000 1.0000000 0.0000000 1.0000000
0.2030000 1.0000000 0.0000000 1.0000000
0.2050000 1.0000000 0.0000000 1.0000000
0.2070000 1.0000000 0.0000000 1.0000000
0.2090000 1.0000000 0.0000000 1.0000000
0.2110000 1.0000000 0.0000000 1.0000000
0.2130000 1.0000000 0.0000000 1.0000000
0.2150000 1.0000000 0.0000000 1.0000000
0.2170000 1.0000000 0.0000000 1.0000000
0.2190000 1.0000000 0.0000000 1.0000000
0.2210000 1.0000000 0.0000000 1.0000000
0.2230000 1.0000000 0.0000000 1.0000000
0.2250000 1.0000000 0.0000000 1.0000000
0.2270000 1.0000000 0.0000000 1.0000000
0.2290000 1.0000000 0.0000000 1.0000000
0.2310000 1.0000000 0.0000000 1.0000000
0.2330000 1.0000000 0.0000000 1.0000000
0.2350000 1.0000000 0.0000000 1.0000000
0.2370000 1.0000000 0.0000000 1.0000000
0.2390000 1.0000000 0.0000000 1.0000000
0.2410000 1.0000000 0.0000000 1.0000000
0.2430000 1.0000000 0.0000000 1.0000000
0.2450000 1.0000000 0.0000000 1.0000000
0.2470000 1.0000000 0.0000000 1.0000000
0.2490000 1.0000000 0.0000000 1.0000000
0.2510000 1.0000000 0.0000000 1.0000000
0.2530000 1.0000000 0.0000000 1.0000000
0.2550000 1.0000000 0.0000000 1.0000000
0.2570000 1.0000000 0.0000000 1.0000000
0.2590000 1.0000000 0.0000000 1.0000000
0.2610000 1.0000000 0.0000000 1.0000000
0.2630000 1.0000000 0.0000000 1.0000000
0.2650000 0.9942269 0.0068466 0.9919270
0.2670000 0.9872363 0.0151800 0.9821765
0.2690000 0.9802850 0.0235133 0.9725082
0.2710000 0.9733729 0.0318466 0.9629217
0.2730000 0.9664999 0.0401800 0.9534162
0.2750000 0.9596657 0.0485133 0.9439913
0.2770000 0.9528703 0.0568466 0.9346463
0.2790000 0.9461134 0.0651800 0.9253808
0.2810000 0.9393949 0.0735133 0.9161941
0.2830000 0.9327146 0.0818466 0.9070857
0.2850000 0.9260724 0.0901800 0.8980550
0.2870000 0.9194681 0.0985133 0.8891015
0.2890000 0.9129015 0.1068466 0.8802246
0.2910000 0.9063725 0.1151800 0.8714238
0.2930000 0.8998809 0.1235133 0.8626985
0.2950000 0.8934265 0.1318466 0.8540482
0.2970000 0.8870093 0.1401800 0.8454723
0.2990000 0.8806289 0.1485133 0.8369704
0.3010000 0.8742853 0.1568466 0.8285419
0.3030000 0.8679784 0.1651800 0.8201862
0.3050000 0.8617079 0.1735133 0.8119029
0.3070000 0.8554736 0.1818466 0.8036913
0.3090000 0.8492755 0.1901800 0.7955511
0.3110000 0.8431134 0.1985133 0.7874816
0.3130000 0.8369871 0.2068466 0.7794824
0.3150000 0.8308965 0.2151800 0.7715529
0.3170000 0.8248414 0.2235133 0.7636927
0.3190000 0.8188216 0.2318466 0.7559012
0.3210000 0.8128371 0.2401800 0.7481779
0.3230000 0.8068875 0.2485133 0.7405224
0.3250000 0.8009729 0.2568466 0.7329341
0.3270000 0.7950930 0.2651800 0.7254126
0.3290000 0.7892477 0.2735133 0.7179573
0.3310000 0.7834368 0.2818466 0.7105678
0.3330000 0.7776602 0.2901800 0.7032436
0.3350000 0.7719177 0.2985133 0.6959842
0.3370000 0.7662092 0.3068466 0.6887891
0.3390000 0.7605345 0.3151800 0.6816579
0.3410000 0.7548935 0.3235133 0.6745901
0.3430000 0.7492860 0.3318466 0.6675851
0.3450000 0.7437118 0.3401800 0.6606426
0.3470000 0.7381709 0.3485133 0.6537621
0.3490000 0.7326631 0.3568466 0.6469431
0.3510000 0.7271882 0.3651800 0.6401851
0.3530000 0.7217461 0.3735133 0.6334878
0.3550000 0.7163366 0.3818466 0.6268505
0.3570000 0.7109596 0.3901800 0.6202730
0.3590000 0.7056149 0.3985133 0.6137548
0.3610000 0.7003025 0.4068466 0.6072953
0.3630000 0.6950220 0.4151800 0.6008942
0.3650000 0.6897735 0.4235133 0.5945510
0.3670000 0.6845567 0.4318466 0.5882653
0.3690000 0.6793716 0.4401800 0.5820366
0.3710000 0.6742179 0.4485133 0.5758646
0.3730000 0.6690955 0.4568466 0.5697487
0.3750000 0.6640043 0.4651800 0.5636886
0.3770000 0.6589441 0.4735133 0.5576838
0.3790000 0.6539149 0.4818466 0.5517340
0.3810000 0.6489164 0.4901800 0.5458386
0.3830000 0.6439485 0.4985133 0.5399973
0.3850000 0.6390111 0.5068466 0.5342097
0.3870000 0.6341040 0.5151800 0.5284753
0.3890000 0.6292271 0.5235133 0.5227938
0.3910000 0.6243803 0.5318466 0.5171647
0.3930000 0.6195634 0.5401800 0.5115876
0.3950000 0.6147762 0.5485133 0.5060622
0.3970000 0.6100187 0.5568466 0.5005880
0.3990000 0.6052907 0.5651800 0.4951646
0.4010000 0.6005920 0.5735133 0.4897917
0.4030000 0.5959226 0.5818466 0.4844688
0.4050000 0.5912823 0.5901800 0.4791956
0.4070000 0.5866709 0.5985133 0.4739716
0.4090000 0.5820883 0.6068466 0.4687966
0.4110000 0.5775344 0.6151800 0.4636700
0.4130000 0.5730091 0.6235133 0.4585916
0.4150000 0.5685121 0.6318466 0.4535609
0.4170000 0.5640435 0.6401800 0.4485776
0.4190000 0.5596030 0.6485133 0.4436414
0.4210000 0.5551905 0.6568466 0.4387517
0.4230000 0.5508059 0.6651800 0.4339083
0.4250000 0.5464490 0.6735133 0.4291108
0.4270000 0.5421197 0.6818466 0.4243589
0.4290000 0.5378179 0.6901800 0.4196521
0.4310000 0.5335435 0.6985133 0.4149901
0.4330000 0.5292963 0.7068466 0.4103727
0.4350000 0.5250762 0.7151800 0.4057993
0.4370000 0.5208830 0.7235133 0.4012696
0.4390000 0.5167167 0.7318466 0.3967834
0.4410000 0.5125771 0.7401800 0.3923403
0.4430000 0.5084641 0.7485133 0.3879398
0.4450000 0.5043775 0.7568466 0.3835817
0.4470000 0.5003172 0.7651800 0.3792657
0.4490000 0.4962831 0.7735133 0.3749914
0.4510000 0.4922750 0.7818466 0.3707584
0.4530000 0.4882930 0.7901800 0.3665664
0.4550000 0.4843367 0.7985133 0.3624151
0.4570000 0.4804061 0.8068466 0.3583042
0.4590000 0.4765010 0.8151800 0.3542333
0.4610000 0.4726214 0.8235133 0.3502021
0.4630000 0.4687672 0.8318466 0.3462104
0.4650000 0.4649381 0.8401800 0.3422576
0.4670000 0.4611340 0.8485133 0.3383437
0.4690000 0.4573549 0.8568466 0.3344681
0.4710000 0.4536006 0.8651800 0.3306307
0.4730000 0.4498711 0.8735133 0.3268310
0.4750000 0.4461660 0.8818466 0.3230689
0.4770000 0.4424855 0.8901800 0.3193439
0.4790000 0.4388293 0.8985133 0.3156558
0.4810000 0.4351972 0.9068466 0.3120043
0.4830000 0.4315893 0.9151800 0.3083890
0.4850000 0.4280053 0.9235133 0.3048097
0.4870000 0.4263194 0.9274526 0.3031302
0.4890000 0.4263194 0.9274526 0.3031302
0.4910000 0.4263194 0.9274526 0.3031302
0.4930000 0.4263194 0.9274526 0.3031302
0.4950000 0.4263194 0.9274526 0.3031302
0.4970000 0.4263194 0.9274526 0.3031302
0.4990000 0.4263194 0.9274526 0.3031302
0.5010000 0.4263194 0.9274526 0.3031302
0.5030000 0.4263194 0.9274526 0.3031302
0.5050000 0.4263194 0.9274526 0.3031302
0.5070000 0.4263194 0.9274526 0.3031302
0.5090000 0.4263194 0.9274526 0.3031302
0.5110000 0.4263194 0.9274526 0.3031302
0.5130000 0.4263194 0.9274526 0.3031302
0.5150000 0.4263194 0.9274526 0.3031302
0.5170000 0.4263194 0.9274526 0.3031302
0.5190000 0.4263194 0.9274526 0.3031302
0.5210000 0.4263194 0.9274526 0.3031302
0.5230000 0.4263194 0.9274526 0.3031302
0.5250000 0.4263194 0.9274526 0.3031302
0.5270000 0.4263194 0.9274526 0.3031302
0.5290000 0.4263194 0.9274526 0.3031302
0.5310000 0.4263194 0.9274526 0.3031302
0.5330000 0.4263194 0.9274526 0.3031302
0.5350000 0.4263194 0.9274526 0.3031302
0.5370000 0.4263194 0.9274526 0.3031302
0.5390000 0.4263194 0.9274526 0.3031302
0.5410000 0.4263194 0.9274526 0.3031302
0.5430000 0.4263194 0.9274526 0.3031302
0.5450000 0.4263194 0.9274526 0.3031302
0.5470000 0.4263194 0.9274526 0.3031302
0.5490000 0.4263194 0.9274526 0.3031302
0.5510000 0.4263194 0.9274526 0.3031302
0.5530000 0.4263194 0.9274526 0.3031302
0.5550000 0.4263194 0.9274526 0.3031302
0.5570000 0.4263194 0.9274526 0.3031302
0.5590000 0.4263194 0.9274526 0.3031302
0.5610000 0.4263194 0.9274526 0.3031302
0.5630000 0.4263194 0.9274526 0.3031302
0.5650000 0.4263194 0.9274526 0.3031302
0.5670000 0.4263194 0.9274526 0.3031302
0.5690000 0.4263194 0.9274526 0.3031302
0.5710000 0.4263194 0.9274526 0.3031302
0.5730000 0.4263194 0.9274526 0.3031302
0.5750000 0.4263194 0.9274526 0.3031302
0.5770000 0.4263194 0.9274526 0.3031302
0.5790000 0.4263194 0.9274526 0.3031302
0.5810000 0.4263194 0.9274526 0.3031302
0.5830000 0.4263194 0.9274526 0.3031302
0.5850000 0.4263194 0.9274526 0.3031302
0.5870000 0.4263194 0.9274526 0.3031302
0.5890000 0.4263194 0.9274526 0.3031302
0.5910000 0.4263194 0.9274526 0.3031302
0.5930000 0.4263194 0.9274526 0.3031302
0.5950000 0.4263194 0.9274526 0.3031302
0.5970000 0.4263194 0.9274526 0.3031302
0.5990000 0.4263194 0.9274526 0.3031302
0.6010000 0.4263194 0.9274526 0.3031302
0.6030000 0.4263194 0.9274526 0.3031302
0.6050000 0.4263194 0.9274526 0.3031302
0.6070000 0.4263194 0.9274526 0.3031302
0.6090000 0.4263194 0.9274526 0.3031302
0.6110000 0.4263194 0.9274526 0.3031302
0.6130000 0.4263194 0.9274526 0.3031302
0.6150000 0.4263194 0.9274526 0.3031302
0.6170000 0.4263194 0.9274526 0.3031302
0.6190000 0.4263194 0.9274526 0.3031302
0.6210000 0.4263194 0.9274526 0.3031302
0.6230000 0.4263194 0.9274526 0.3031302
0.6250000 0.4263194 0.9274526 0.3031302
0.6270000 0.4263194 0.9274526 0.3031302
0.6290000 0.4263194 0.9274526 0.3031302
0.6310000 0.4263194 0.9274526 0.3031302
0.6330000 0.4263194 0.9274526 0.3031302
0.6350000 0.4263194 0.9274526 0.3031302
0.6370000 0.4263194 0.9274526 0.3031302
0.6390000 0.4263194 0.9274526 0.3031302
0.6410000 0.4263194 0.9274526 0.3031302
0.6430000 0.4263194 0.9274526 0.3031302
0.6450000 0.4263194 0.9274526 0.3031302
0.6470000 0.4263194 0.9274526 0.3031302
0.6490000 0.4263194 0.9274526 0.3031302
0.6510000 0.4263194 0.9274526 0.3031302
0.6530000 0.4263194 0.9274526 0.3031302
0.6550000 0.4263194 0.9274526 0.3031302
0.6570000 0.4263194 0.9274526 0.3031302
0.6590000 0.4263194 0.9274526 0.3031302
0.6610000 0.4263194 0.9274526 0.3031302
0.6630000 0.4263194 0.9274526 0.3031302
0.6650000 0.4263194 0.9274526 0.3031302
0.6670000 0.4263194 0.9274526 0.3031302
0.6690000 0.4263194 0.9274526 0.3031302
0.6710000 0.4263194 0.9274526 0.3031302
0.6730000 0.4263194 0.9274526 0.3031302
0.6750000 0.4263194 0.9274526 0.3031302
0.6770000 0.4263194 0.9274526 0.3031302
0.6790000 0.4263194 0.9274526 0.3031302
0.6810000 0.4263194 0.9274526 0.3031302
0.6830000 0.4263194 0.9274526 0.3031302
0.6850000 0.4263194 0.9274526 0.3031302
0.6870000 0.2655737 0.9274526 0.3031302
0.6890000 0.2655737 0.9274526 0.3031302
0.6910000 0.2655737 0.9274526 0.3031302
0.6930000 0.2655737 0.9274526 0.3031302
0.6950000 0.2655737 0.9274526 0.3031302
0.6970000 0.2655737 0.9274526 0.3031302
0.6990000 0.2655737 0.9274526 0.3031302
0.7010000 0.2655737 0.9274526 0.3031302
0.7030000 0.2655737 0.9274526 0.3031302
0.7050000 0.2655737 0.9274526 0.3031302
0.7070000 0.2655737 0.9274526 0.3031302
0.7090000 0.2655737 0.9274526 0.3031302
0.7110000 0.2655737 0.9274526 0.3031302
0.7130000 0.2655737 0.9274526 0.3031302
0.7150000 0.2655737 0.9274526 0.3031302
0.7170000 0.2655737 0.9274526 0.3031302
0.7190000 0.2655737 0.9274526 0.3031302
0.7210000 0.2655737 0.9274526 0.3031302
0.7230000 0.2655737 0.9274526 0.3031302
0.7250000 0.2655737 0.9274526 0.3031302
0.7270000 0.2655737 0.9274526 0.3031302
0.7290000 0.2655737 0.9274526 0.3031302
0.7310000 0.2655737 0.9274526 0.3031302
0.7330000 0.2655737 0.9274526 0.3031302
0.7350000 0.2655737 0.9274526 0.3031302
0.7370000 0.2655737 0.9274526 0.3031302
0.7390000 0.2655737 0.9274526 0.3031302
0.7410000 0.2655737 0.9274526 0.3031302
0.7430000 0.2655737 0.9274526 0.3031302
0.7450000 0.2655737 0.9274526 0.3031302
0.7470000 0.2655737 0.9274526 0.3031302
0.7490000 0.2655737 0.9274526 0.3031302
0.7510000 0.2655737 0.9274526 0.3031302
0.7530000 0.2655737 0.9274526 0.3031302
0.7550000 0.2655737 0.9274526 0.3031302
0.7570000 0.2655737 0.9274526 0.3031302
0.7590000 0.2655737 0.9274526 0.3031302
0.7610000 0.2655737 0.9274526 0.3031302
0.7630000 0.2655737 0.9274526 0.3031302
0.7650000 0.2655737 0.9274526 0.3031302
0.7670000 0.2655737 0.9274526 0.3031302
0.7690000 0.2655737 0.9274526 0.3031302
0.7710000 0.2655737 0.9274526 0.3031302
0.7730000 0.2655737 0.9274526 0.3031302
0.7750000 0.2655737 0.9274526 0.3031302
0.7770000 0.2655737 0.9274526 0.3031302
0.7790000 0.2655737 0.9274526 0.3031302
0.7810000 0.2655737 0.9274526 0.3031302
0.7830000 0.2655737 0.9274526 0.3031302
0.7850000 0.2655737 0.9274526 0.3031302
0.7870000 0.2655737 0.9274526 0.3031302
0.7890000 0.2655737 0.9274526 0.3031302
0.7910000 0.2655737 0.9274526 0.3031302
0.7930000 0.2655737 0.9274526 0.3031302
0.7950000 0.2655737 0.9274526 0.3031302
0.7970000 0.2655737 0.9274526 0.3031302
0.7990000 0.2655737 0.9274526 0.3031302
0.8010000 0.2655737 0.9274526 0.3031302
0.8030000 0.2655737 0.9274526 0.3031302
0.8050000 0.2655737 0.9274526 0.3031302
0.8070000 0.2655737 0.9274526 0.3031302
0.8090000 0.2655737 0.9274526 0.3031302
0.8110000 0.2655737 0.9274526 0.3031302
0.8130000 0.2655737 0.9274526 0.3031302
0.8150000 0.2655737 0.9274526 0.3031302
0.8170000 0.2655737 0.9274526 0.3031302
0.8190000 0.2655737 0.9274526 0.3031302
0.8210000 0.2655737 0.9274526 0.3031302
0.8230000 0.2655737 0.9274526 0.3031302
0.8250000 0.2655737 0.9274526 0.3031302
0.8270000 0.2655737 0.9274526 0.3031302
0.8290000 0.2655737 0.9274526 0.3031302
0.8310000 0.2655737 0.9274526 0.3031302
0.8330000 0.2655737 0.9274526 0.3031302
0.8350000 0.2655737 0.9274526 0.3031302
0.8370000 0.2655737 0.9274526 0.3031302
0.8390000 0.2655737 0.9274526 0.3031302
0.8410000 0.2655737 0.9274526 0.3031302
0.8430000 0.2655737 0.9274526 0.3031302
0.8450000 0.2655737 0.9274526 0.3031302
0.8470000 0.2655737 0.9274526 0.3031302
0.8490000 0.2655737 0.9274526 0.3031302
0.8510000 0.1250000 0.0000000 0.1000000
0.8530000 0.1250000 0.0000000 0.1000000
0.8550000 0.1250000 0.0000000 0.1000000
0.8570000 0.1250000 0.0000000 0.1000000
0.8590000 0.1250000 0.0000000 0.1000000
0.8610000 0.1250000 0.0000000 0.1000000
0.8630000 0.1250000 0.0000000 0.1000000
0.8650000 0.1250000 0.0000000 0.1000000
0.8670000 0.1250000 0.0000000 0.1000000
0.8690000 0.1250000 0.0000000 0.1000000
0.8710000 0.1250000 0.0000000 0.1000000
0.8730000 0.1250000 0.0000000 0.1000000
0.8750000 0.1250000 0.0000000 0.1000000
0.8770000 0.1250000 0.0000000 0.1000000
0.8790000 0.1250000 0.0000000 0.1000000
0.8810000 0.1250000 0.0000000 0.1000000
0.8830000 0.1250000 0.0000000 0.1000000
0.8850000 0.1250000 0.0000000 0.1000000
0.8870000 0.1250000 0.0000000 0.1000000
0.8890000 0.1250000 0.0000000 0.1000000
0.8910000 0.1250000 0.0000000 0.1000000
0.8930000 0.1250000 0.0000000 0.1000000
0.8950000 0.1250000 0.0000000 0.1000000
0.8970000 0.1250000 0.0000000 0.1000000
0.8990000 0.1250000 0.0000000 0.1000000
0.9010000 0.1250000 0.0000000 0.1000000
0.9030000 0.1250000 0.0000000 0.1000000
0.9050000 0.1250000 0.0000000 0.1000000
0.9070000 0.1250000 0.0000000 0.1000000
0.9090000 0.1250000 0.0000000 0.1000000
0.9110000 0.1250000 0.0000000 0.1000000
0.9130000 0.1250000 0.0000000 0.1000000
0.9150000 0.1250000 0.0000000 0.1000000
0.9170000 0.1250000 0.0000000 0.1000000
0.9190000 0.1250000 0.0000000 0.1000000
0.9210000 0.1250000 0.0000000 0.1000000
0.9230000 0.1250000 0.0000000 0.1000000
0.9250000 0.1250000 0.0000000 0.1000000
0.9270000 0.1250000 0.0000000 0.1000000
0.9290000 0.1250000 0.0000000 0.1000000
0.9310000 0.1250000 0.0000000 0.1000000
0.9330000 0.1250000 0.0000000 0.1000000
0.9350000 0.1250000 0.0000000 0.1000000
0.9370000 0.1250000 0.0000000 0.1000000
0.9390000 0.1250000 0.0000000 0.1000000
0.9410000 0.1250000 0.0000000 0.1000000
0.9430000 0.1250000 0.0000000 0.1000000
0.9450000 0.1250000 0.0000000 0.1000000
0.9470000 0.1250000 0.0000000 0.1000000
0.9490000 0.1250000 0.0000000 0.1000000
0.9510000 0.1250000 0.0000000 0.1000000
0.9530000 0.1250000 0.0000000 0.1000000
0.9550000 0.1250000 0.0000000 0.1000000
0.9570000 0.1250000 0.0000000 0.1000000
0.9590000 0.1250000 0.0000000 0.1000000
0.9610000 0.1250000 0.0000000 0.1000000
0.9630000 0.1250000 0.0000000 0.1000000
0.9650000 0.1250000 0.0000000 0.1000000
0.9670000 0.1250000 0.0000000 0.1000000
0.9690000 0.1250000 0.0000000 0.1000000
0.9710000 0.1250000 0.0000000 0.1000000
0.9730000 0.1250000 0.0000000 0.1000000
0.9750000 0.1250000 0.0000000 0.1000000
0.9770000 0.1250000 0.0000000 0.1000000
0.9790000 0.1250000 0.0000000 0.1000000
0.9810000 0.1250000 0.0000000 0.1000000
0.9830000 0.1250000 0.0000000 0.1000000
0.9850000 0.1250000 0.0000000 0.1000000
0.9870000 0.1250000 0.0000000 0.1000000
0.9890000 0.1250000 0.0000000 0.1000000
0.9910000 0.1250000 0.0000000 0.1000000
0.9930000 0.1250000 0.0000000 0.1000000
0.9950000 0.1250000 0.0000000 0.1000000
0.9970000 0.1250000 0.0000000 0.1000000
0.9990000 0.1250000 0.0000000 0.1000000
