0.005000 1.000000 0.000000 1.000000
0.015000 1.000000 0.000000 1.000000
0.025000 1.000000 0.000000 1.000000
0.035000 1.000000 0.000000 1.000000
0.045000 0.999999 0.000001 0.999999
0.055000 0.999998 0.000002 0.999998
0.065000 0.999996 0.000004 0.999995
0.075000 0.999992 0.000009 0.999989
0.085000 0.999983 0.000020 0.999976
0.095000 0.999963 0.000043 0.999949
0.105000 0.999925 0.000088 0.999895
0.115000 0.999853 0.000174 0.999794
0.125000 0.999719 0.000333 0.999606
0.135000 0.999481 0.000614 0.999274
0.145000 0.999076 0.001094 0.998707
0.155000 0.998410 0.001882 0.997775
0.165000 0.997359 0.003127 0.996305
0.175000 0.995761 0.005021 0.994073
0.185000 0.993426 0.007793 0.990813
0.195000 0.990139 0.011701 0.986233
0.205000 0.985681 0.017015 0.980034
0.215000 0.979846 0.023996 0.971939
0.225000 0.972458 0.032874 0.961725
0.235000 0.963394 0.043834 0.949242
0.245000 0.952585 0.056999 0.934428
0.255000 0.940029 0.072432 0.917314
0.265000 0.925779 0.090133 0.898012
0.275000 0.909937 0.110056 0.876705
0.285000 0.892642 0.132109 0.853623
0.295000 0.874056 0.156177 0.829027
0.305000 0.854355 0.182127 0.803192
0.315000 0.833716 0.209818 0.776387
0.325000 0.812310 0.239110 0.748871
0.335000 0.790301 0.269870 0.720882
0.345000 0.767838 0.301973 0.692635
0.355000 0.745053 0.335306 0.664319
0.365000 0.722067 0.369767 0.636097
0.375000 0.698984 0.405269 0.608109
0.385000 0.675891 0.441737 0.580470
0.395000 0.652867 0.479108 0.553277
0.405000 0.629974 0.517334 0.526606
0.415000 0.607264 0.556378 0.500517
0.425000 0.584779 0.596217 0.475055
0.435000 0.562550 0.636844 0.450248
0.445000 0.540596 0.678271 0.426114
0.455000 0.518926 0.720531 0.402654
0.465000 0.497533 0.763690 0.379856
0.475000 0.476400 0.807851 0.357694
0.485000 0.455511 0.853121 0.336146
0.495000 0.435010 0.899268 0.315347
0.505000 0.417050 0.941169 0.297438
0.515000 0.419958 0.933770 0.300536
0.525000 0.420746 0.931377 0.301544
0.535000 0.420892 0.930430 0.301945
0.545000 0.420809 0.929915 0.302163
0.555000 0.420581 0.929581 0.302305
0.565000 0.420208 0.929337 0.302409
0.575000 0.419638 0.929145 0.302491
0.585000 0.418759 0.928987 0.302559
0.595000 0.417379 0.928853 0.302617
0.605000 0.415209 0.928735 0.302667
0.615000 0.411864 0.928632 0.302712
0.625000 0.406904 0.928540 0.302751
0.635000 0.399917 0.928458 0.302786
0.645000 0.390634 0.928384 0.302818
0.655000 0.379044 0.928317 0.302846
0.665000 0.365467 0.928257 0.302870
0.675000 0.350542 0.928202 0.302892
0.685000 0.335139 0.928151 0.302911
0.695000 0.320199 0.928104 0.302928
0.705000 0.306570 0.928058 0.302942
0.715000 0.294864 0.928011 0.302952
0.725000 0.285394 0.927954 0.302958
0.735000 0.278176 0.927874 0.302953
0.745000 0.272991 0.927741 0.302928
0.755000 0.269473 0.927489 0.302862
0.765000 0.267195 0.926988 0.302712
0.775000 0.265723 0.925973 0.302388
0.785000 0.264634 0.923919 0.301716
0.795000 0.263484 0.919814 0.300362
0.805000 0.261717 0.911740 0.297700
0.815000 0.258527 0.896167 0.292611
0.825000 0.252665 0.866846 0.283227
0.835000 0.242324 0.813469 0.266812
0.845000 0.225473 0.721452 0.240455
0.855000 0.201401 0.577432 0.203715
0.865000 0.173447 0.388257 0.162816
0.875000 0.149286 0.203115 0.129728
0.885000 0.134630 0.081673 0.111225
0.895000 0.128239 0.027472 0.103679
0.905000 0.126004 0.008510 0.101130
0.915000 0.125301 0.002552 0.100338
0.925000 0.125089 0.000754 0.100100
0.935000 0.125026 0.000220 0.100029
0.945000 0.125008 0.000064 0.100008
0.955000 0.125002 0.000018 0.100002
0.965000 0.125001 0.000005 0.100001
0.975000 0.125000 0.000001 0.100000
0.985000 0.125000 0.000000 0.100000
0.995000 0.125000 0.000000 0.100000
