          0.005              1
          0.015              1
          0.025              1
          0.035              1
          0.045       0.999999
          0.055       0.999998
          0.065       0.999996
          0.075       0.999992
          0.085       0.999983
          0.095       0.999963
          0.105       0.999925
          0.115       0.999853
          0.125       0.999719
          0.135       0.999481
          0.145       0.999076
          0.155        0.99841
          0.165       0.997359
          0.175       0.995761
          0.185       0.993426
          0.195       0.990139
          0.205       0.985681
          0.215       0.979846
          0.225       0.972458
          0.235       0.963394
          0.245       0.952585
          0.255       0.940029
          0.265       0.925779
          0.275       0.909937
          0.285       0.892642
          0.295       0.874056
          0.305       0.854355
          0.315       0.833716
          0.325        0.81231
          0.335       0.790301
          0.345       0.767838
          0.355       0.745053
          0.365       0.722067
          0.375       0.698984
          0.385       0.675891
          0.395       0.652867
          0.405       0.629974
          0.415       0.607264
          0.425       0.584779
          0.435        0.56255
          0.445       0.540596
          0.455       0.518926
          0.465       0.497533
          0.475         0.4764
          0.485       0.455511
          0.495        0.43501
          0.505        0.41705
          0.515       0.419958
          0.525       0.420746
          0.535       0.420892
          0.545       0.420809
          0.555       0.420581
          0.565       0.420208
          0.575       0.419638
          0.585       0.418759
          0.595       0.417379
          0.605       0.415209
          0.615       0.411864
          0.625       0.406904
          0.635       0.399917
          0.645       0.390634
          0.655       0.379044
          0.665       0.365467
          0.675       0.350542
          0.685       0.335139
          0.695       0.320199
          0.705        0.30657
          0.715       0.294864
          0.725       0.285394
          0.735       0.278176
          0.745       0.272991
          0.755       0.269473
          0.765       0.267195
          0.775       0.265723
          0.785       0.264634
          0.795       0.263484
          0.805       0.261717
          0.815       0.258527
          0.825       0.252665
          0.835       0.242324
          0.845       0.225473
          0.855       0.201401
          0.865       0.173447
          0.875       0.149286
          0.885        0.13463
          0.895       0.128239
          0.905       0.126004
          0.915       0.125301
          0.925       0.125089
          0.935       0.125026
          0.945       0.125008
          0.955       0.125002
          0.965       0.125001
          0.975          0.125
          0.985          0.125
          0.995          0.125
