          0.005              1
          0.015              1
          0.025              1
          0.035              1
          0.045       0.999999
          0.055       0.999998
          0.065       0.999995
          0.075       0.999989
          0.085       0.999976
          0.095       0.999949
          0.105       0.999895
          0.115       0.999794
          0.125       0.999606
          0.135       0.999274
          0.145       0.998707
          0.155       0.997775
          0.165       0.996305
          0.175       0.994073
          0.185       0.990813
          0.195       0.986233
          0.205       0.980034
          0.215       0.971939
          0.225       0.961725
          0.235       0.949242
          0.245       0.934428
          0.255       0.917314
          0.265       0.898012
          0.275       0.876705
          0.285       0.853623
          0.295       0.829027
          0.305       0.803192
          0.315       0.776387
          0.325       0.748871
          0.335       0.720882
          0.345       0.692635
          0.355       0.664319
          0.365       0.636097
          0.375       0.608109
          0.385        0.58047
          0.395       0.553277
          0.405       0.526606
          0.415       0.500517
          0.425       0.475055
          0.435       0.450248
          0.445       0.426114
          0.455       0.402654
          0.465       0.379856
          0.475       0.357694
          0.485       0.336146
          0.495       0.315347
          0.505       0.297438
          0.515       0.300536
          0.525       0.301544
          0.535       0.301945
          0.545       0.302163
          0.555       0.302305
          0.565       0.302409
          0.575       0.302491
          0.585       0.302559
          0.595       0.302617
          0.605       0.302667
          0.615       0.302712
          0.625       0.302751
          0.635       0.302786
          0.645       0.302818
          0.655       0.302846
          0.665        0.30287
          0.675       0.302892
          0.685       0.302911
          0.695       0.302928
          0.705       0.302942
          0.715       0.302952
          0.725       0.302958
          0.735       0.302953
          0.745       0.302928
          0.755       0.302862
          0.765       0.302712
          0.775       0.302388
          0.785       0.301716
          0.795       0.300362
          0.805         0.2977
          0.815       0.292611
          0.825       0.283227
          0.835       0.266812
          0.845       0.240455
          0.855       0.203715
          0.865       0.162816
          0.875       0.129728
          0.885       0.111225
          0.895       0.103679
          0.905        0.10113
          0.915       0.100338
          0.925         0.1001
          0.935       0.100029
          0.945       0.100008
          0.955       0.100002
          0.965       0.100001
          0.975            0.1
          0.985            0.1
          0.995            0.1
